$ 1 0.00009999999999999999 45.7144713268909 66 5 50 5e-11
R -208 192 -320 192 1 2 1 2.5 2.5 0 0.5
r -128 192 -128 144 0 120000
g -128 144 -128 96 0 0
c -208 192 -128 192 0 1e-7 1.2107941521066216e-14 0.001
c 336 192 336 272 0 0.000001 3.9657188172351665 0.001
g 336 272 336 320 0 0
174 336 112 336 16 1 1000000 0.46040000000000003 Resistance
R 320 64 320 16 0 0 40 5 0 0 0.5
d 336 192 256 192 2 default
w 0 192 176 192 0
r 336 112 336 192 0 100
183 176 192 256 192 0 0.5 1.66 3.33 5 0
183 336 192 464 192 0 0.5 1.66 3.33 5 0
183 -48 192 0 192 0 0.5 1.66 3.33 5 0
183 -128 192 -48 192 0 0.5 1.66 3.33 5 0
t 464 192 528 192 0 1 -5 -5.099997493426568e-7 100 default
r 528 208 528 256 0 100000
g 528 256 528 288 0 0
R 528 176 528 128 0 0 40 5 0 0 0.5
O 528 208 592 208 0 0
o 0 32 0 4098 10 0.1 0 2 0 3
o 19 32 0 4098 5 0.1 0 1
